1.00000 1.00000 1.00000 0 1
-0.55900 0.22300 0.79900 18 1
0.71500 -0.35900 0.60000 18 1
-0.23300 -0.97300 -0.00600 18 1
-0.93900 -0.34100 0.03800 18 1
1.00000 1.00000 1.00000 0 1
0.26800 0.43100 0.86100 18 1
-0.12700 -0.62400 0.77100 18 1
0.62100 -0.76700 -0.16100 18 1
-0.67000 -0.59600 -0.44300 18 1
-0.84300 0.36300 -0.39700 25 1
-0.52400 -0.72700 0.44500 25 1
-0.18500 0.60500 0.77400 25 1
0.42700 0.90300 0.04600 36 1
-0.11400 0.10500 -0.98800 36 1
-0.89700 0.41500 0.14700 36 1
1.00000 1.00000 1.00000 0 1
0.19500 -0.70800 -0.67900 36 1
-0.31600 0.78300 -0.53500 36 1
-0.79600 -0.34900 0.49400 36 1
0.81000 0.20900 0.54700 36 1
0.08700 0.47100 0.87800 100 1
0.06500 0.88300 -0.46500 100 1
0.97900 -0.20200 0.02600 100 1
1.00000 1.00000 1.00000 0 1
0.06400 -0.49000 0.86900 400 1
0.99200 -0.03300 -0.12200 400 1
0.09300 0.87700 0.47100 400 1
-0.84300 0.36300 -0.39700 600 1
-0.52400 -0.72700 0.44500 600 1
-0.18500 0.60500 0.77400 600 1
0.06100 0.95800 0.28100 800 1
1.00000 1.00000 1.00000 0 1
-0.98900 0.09600 -0.11400 800 1
-0.13200 -0.27200 0.95300 800 1
-0.61600 0.44800 0.64800 800 1
-0.64700 -0.71100 0.27600 800 1
-0.56900 -0.18200 -0.80200 800 1
-0.45300 0.78800 -0.41700 800 1
-0.02300 -0.54000 -0.84100 800 1
0.82600 0.18300 -0.53300 800 1
0.09600 0.85000 -0.51800 800 1
0.75400 0.55400 0.35300 800 1
1.00000 1.00000 1.00000 0 1
0.71400 -0.69400 -0.08800 800 1
0.52300 -0.35600 0.77500 800 1
0.40900 -0.09500 -0.90800 800 1
0.45100 0.88300 0.13100 800 1
0.08700 0.47100 0.87800 1600 1
0.06500 0.88300 -0.46500 1600 1
0.97900 -0.20200 0.02600 1600 1
